$ANSIBLE_VAULT;1.1;AES256
36663630613537613065333430653263646463333135373866383461646137623031666236353461
3632363462383863623236393838653438303231643839370a376339383530383838383630336463
64396565316166663239623530656132623365383361303064613932613162663230336465303135
6561323833373439650a343935383831626264613637623533643337636538333134666333343263
32373037666431343666326638336637643031316638366465346561396566366331363261383532
35363531306439613163383463303064396539346362623335653565313738613833613965316464
35353830366630323531626231336433663965636631643966353638613539313934343730623363
39633336326236623730373533303264353931376534373332653831373465373961356234396433
31643439323462333362326163363266643563343361303637643861363039356162336330313232
62626537353539313931373732383562313230393766643062636630373137633532656533396465
64343163316633346336663834383436373431373234383430353336613464356164633665306366
39373234346563333235666231326361393235313665653965303665643262343634393033643835
65303631303931633133303830313933666132343866623963333863326666653766343833323339
32353632356631623430626633386338326239643265313836303232386631393235393465636533
30646361316161666331393662383038356131343135636365663539376130633733373831383364
35333261373637636635386630323564633866313866626662633830343030386166326536366261
61323335346238623830623563316662366562343763373439386437336261343166
